60.333333333333336
73.0
59.666666666666664
67.66666666666667
78.33333333333333
64.33333333333333
60.333333333333336
53.333333333333336
71.33333333333333
77.0
48.333333333333336
66.66666666666667
58.666666666666664
68.33333333333333
88.66666666666667
39.0
64.66666666666667
55.0
49.666666666666664
40.666666666666664
63.333333333333336
57.666666666666664
54.0
71.0
51.666666666666664
58.0
51.666666666666664
61.0
50.666666666666664
82.33333333333333
46.666666666666664
77.33333333333333
64.0
48.333333333333336
76.66666666666667
85.0
65.33333333333333
66.0
65.0
55.0
65.0
80.33333333333333
87.33333333333333
50.666666666666664
55.333333333333336
51.666666666666664
66.0
53.666666666666664
65.0
66.33333333333333
68.33333333333333
41.0
69.0
68.0
54.666666666666664
86.0
62.666666666666664
88.0
74.33333333333333
59.333333333333336
41.0
56.666666666666664
68.66666666666667
50.666666666666664
52.666666666666664
46.0
78.66666666666667
43.0
55.333333333333336
72.0
78.33333333333333
62.0
87.66666666666667
57.666666666666664
68.66666666666667
53.0
70.0
71.66666666666667
49.0
52.666666666666664
63.333333333333336
76.0
65.33333333333333
67.33333333333333
63.333333333333336
68.0
84.33333333333333
71.33333333333333
56.0
51.666666666666664
55.666666666666664
87.66666666666667
74.66666666666667
45.666666666666664
35.666666666666664
52.0
65.66666666666667
77.0
52.333333333333336
62.333333333333336
63.666666666666664
68.33333333333333
69.33333333333333
71.33333333333333
62.333333333333336
43.0
61.0
81.66666666666667
72.66666666666667
61.333333333333336
59.333333333333336
64.33333333333333
79.0
63.0
69.66666666666667
59.0
61.333333333333336
51.0
67.33333333333333
51.0
57.666666666666664
62.666666666666664
59.666666666666664
50.666666666666664
77.0
58.0
51.333333333333336
37.0
66.33333333333333
82.33333333333333
47.666666666666664
71.33333333333333
54.0
70.66666666666667
62.333333333333336
65.66666666666667
46.666666666666664
59.333333333333336
66.33333333333333
67.66666666666667
52.333333333333336
66.0
42.666666666666664
59.666666666666664
45.0
59.666666666666664
75.66666666666667
70.66666666666667
53.666666666666664
46.666666666666664
68.66666666666667
79.66666666666667
41.666666666666664
73.33333333333333
56.666666666666664
54.666666666666664
31.0
63.333333333333336
56.0
55.666666666666664
77.0
71.66666666666667
61.333333333333336
74.0
65.34146341463415 62.41463414634146 59.3719512195122